procs -----------memory---------- ---swap-- -----io---- -system-- ------cpu----- -----timestamp-----
 r  b   swpd   free   buff  cache   si   so    bi    bo   in   cs us sy id wa st                 EST
 1  0 372176  78340      0  77464    0    1     9    11   47   35  0  0 99  0  0 2014-12-09 16:03:41
 0  0 372176  78300      0  77492    0    0     0     0   86  190  2  1 97  0  0 2014-12-09 16:03:42
 0  0 372176  78300      0  77492    0    0     0     0   63  138  0  0 100  0  0 2014-12-09 16:03:43
 0  0 372176  78288      0  77492    0    0     0     0  137  256  2  1 97  0  0 2014-12-09 16:03:44
 0  0 372176  78288      0  77492    0    0     0     0   65  149  0  0 100  0  0 2014-12-09 16:03:45
 1  0 372176  78288      0  77492    0    0     0     0   75  176  0  0 100  0  0 2014-12-09 16:03:46
 0  0 372176  78296      0  77492    0    0     0     0   57  134  0  0 100  0  0 2014-12-09 16:03:47
 0  0 372176  78296      0  77492    0    0     0     0   68  156  0  0 100  0  0 2014-12-09 16:03:48
 0  0 372176  78296      0  77492    0    0     0     0   72  156  1  1 98  0  0 2014-12-09 16:03:50
 0  0 372176  78300      0  77492    0    0     0     0   78  165  1  0 99  0  0 2014-12-09 16:03:51
 0  0 372176  78300      0  77492    0    0     0     0   60  142  0  0 100  0  0 2014-12-09 16:03:52
 0  0 372176  78300      0  77492    0    0     0     0   72  158  0  0 100  0  0 2014-12-09 16:03:53
 0  0 372176  78300      0  77492    0    0     0     0   69  156  0  1 99  0  0 2014-12-09 16:03:54
 0  0 372176  78300      0  77492    0    0     0     0   71  151  0  0 100  0  0 2014-12-09 16:03:55
 0  0 372176  78300      0  77492    0    0     0     0   65  155  0  0 100  0  0 2014-12-09 16:03:56
 0  0 372176  78300      0  77492    0    0     0     0   71  150  0  1 99  0  0 2014-12-09 16:03:57
 0  0 372176  78300      0  77492    0    0     0     0   69  156  1  0 99  0  0 2014-12-09 16:03:58
 0  0 372176  78300      0  77492    0    0     0     0   73  150  0  0 100  0  0 2014-12-09 16:03:59
 0  0 372176  78300      0  77492    0    0     0     0   57  146  0  0 100  0  0 2014-12-09 16:04:00
 0  0 372176  78300      0  77492    0    0     0     0   76  170  1  0 99  0  0 2014-12-09 16:04:01
 1  0 372176  78300      0  77492    0    0     0     0   68  154  0  0 100  0  0 2014-12-09 16:04:02
procs -----------memory---------- ---swap-- -----io---- -system-- ------cpu----- -----timestamp-----
 r  b   swpd   free   buff  cache   si   so    bi    bo   in   cs us sy id wa st                 EST
 0  0 372176  78300      0  77492    0    0     0     0   68  149  0  0 100  0  0 2014-12-09 16:04:03
 0  0 372176  78300      0  77492    0    0     0     0   70  155  1  1 98  0  0 2014-12-09 16:04:04
 0  0 372176  78300      0  77492    0    0     0     0   70  160  0  0 100  0  0 2014-12-09 16:04:05
 0  0 372176  78300      0  77492    0    0     0     0   74  160  0  0 100  0  0 2014-12-09 16:04:06
 0  0 372176  78300      0  77492    0    0     0     0   69  152  0  1 99  0  0 2014-12-09 16:04:07
 0  0 372176  78300      0  77492    0    0     0     0   63  147  0  0 100  0  0 2014-12-09 16:04:08
 0  0 372176  78300      0  77492    0    0     0     0   68  160  1  0 99  0  0 2014-12-09 16:04:09
 0  0 372176  78300      0  77492    0    0     0     0   54  131  0  0 100  0  0 2014-12-09 16:04:10
 0  0 372176  78300      0  77492    0    0     0    23   64  160  0  1 99  0  0 2014-12-09 16:04:11
 0  0 372176  78300      0  77492    0    0     0     4   56  133  0  0 100  0  0 2014-12-09 16:04:12
 0  0 372176  78300      0  77492    0    0     0     0   70  160  0  0 100  0  0 2014-12-09 16:04:13
 0  0 372176  78300      0  77492    0    0     0     0   63  142  1  1 98  0  0 2014-12-09 16:04:14
 0  0 372176  78300      0  77492    0    0     0     0   66  151  0  0 100  0  0 2014-12-09 16:04:15
 0  0 372176  78300      0  77492    0    0     0     0   68  154  0  0 100  0  0 2014-12-09 16:04:16
 0  0 372176  78300      0  77492    0    0     0     0   75  160  1  0 99  0  0 2014-12-09 16:04:17
 0  0 372176  78300      0  77492    0    0     0     0   65  141  0  1 99  0  0 2014-12-09 16:04:18
 0  0 372176  78300      0  77496    0    0     0     0   67  150  0  0 100  0  0 2014-12-09 16:04:19
 0  0 372176  78300      0  77496    0    0     0     0   63  151  0  0 100  0  0 2014-12-09 16:04:20
 0  0 372176  78300      0  77496    0    0     0     0   73  160  1  0 99  0  0 2014-12-09 16:04:21
 0  0 372176  78300      0  77496    0    0     0     0   64  150  0  0 100  0  0 2014-12-09 16:04:22
 0  0 372176  78300      0  77496    0    0     0     0   71  150  0  1 99  0  0 2014-12-09 16:04:23
procs -----------memory---------- ---swap-- -----io---- -system-- ------cpu----- -----timestamp-----
 r  b   swpd   free   buff  cache   si   so    bi    bo   in   cs us sy id wa st                 EST
 0  0 372176  78300      0  77496    0    0     0     0   62  151  0  0 100  0  0 2014-12-09 16:04:24
 0  0 372176  78300      0  77496    0    0     0     0   66  144  1  0 99  0  0 2014-12-09 16:04:25
 0  0 372176  78300      0  77496    0    0     0     0   61  153  0  0 100  0  0 2014-12-09 16:04:26
 0  0 372176  78300      0  77496    0    0     0     0   71  157  0  0 100  0  0 2014-12-09 16:04:27
 0  0 372176  78300      0  77496    0    0     0     0   70  161  0  0 100  0  0 2014-12-09 16:04:28
 0  0 372176  78300      0  77496    0    0     0     0   62  149  0  0 100  0  0 2014-12-09 16:04:29
 0  0 372176  78300      0  77496    0    0     0     0   58  138  1  0 99  0  0 2014-12-09 16:04:30
 1  0 372176  78300      0  77496    0    0     0     0   56  148  0  2 98  0  0 2014-12-09 16:04:31
 1  0 372176  78300      0  77496    0    0     0     0   55  138  0  0 100  0  0 2014-12-09 16:04:32
 0  0 372176  78300      0  77496    0    0     0     0   67  146  0  0 100  0  0 2014-12-09 16:04:33
 0  0 372176  78300      0  77496    0    0     0     0   68  153  0  1 99  0  0 2014-12-09 16:04:34
 0  0 372176  78300      0  77496    0    0     0     0   72  154  1  0 99  0  0 2014-12-09 16:04:35
 0  0 372176  78300      0  77496    0    0     0     0   74  160  0  1 99  0  0 2014-12-09 16:04:36
 0  0 372176  78300      0  77496    0    0     0     0   72  157  0  0 100  0  0 2014-12-09 16:04:37
 0  0 372176  78300      0  77496    0    0     0     0   68  152  1  0 99  0  0 2014-12-09 16:04:38
 0  0 372176  78300      0  77496    0    0     0     0   71  156  0  1 99  0  0 2014-12-09 16:04:39
 0  0 372176  78176      0  77716    0    0   208     0   71  153  0  0 94  6  0 2014-12-09 16:04:40
 0  0 372176  78176      0  77704    0    0     0    20   73  166  1  0 99  0  0 2014-12-09 16:04:41
 0  0 372176  78176      0  77704    0    0     0     0   63  135  0  0 100  0  0 2014-12-09 16:04:42
 0  0 372176  78176      0  77704    0    0     0     8   73  166  0  1 99  0  0 2014-12-09 16:04:43
 0  0 372176  78176      0  77704    0    0     0     0   68  147  0  0 100  0  0 2014-12-09 16:04:44
procs -----------memory---------- ---swap-- -----io---- -system-- ------cpu----- -----timestamp-----
 r  b   swpd   free   buff  cache   si   so    bi    bo   in   cs us sy id wa st                 EST
 0  0 372176  78176      0  77704    0    0     0     0   57  136  1  1 98  0  0 2014-12-09 16:04:45
 0  0 372176  78176      0  77704    0    0     0     0   61  156  0  0 100  0  0 2014-12-09 16:04:46
 0  0 372176  78176      0  77704    0    0     0     0   66  156  0  0 100  0  0 2014-12-09 16:04:47
 0  0 372176  78176      0  77704    0    0     0     0   57  133  0  0 100  0  0 2014-12-09 16:04:48
 0  0 372176  78176      0  77704    0    0     0     0   74  162  0  0 100  0  0 2014-12-09 16:04:49
 0  0 372176  78176      0  77704    0    0     0     0   67  160  1  1 98  0  0 2014-12-09 16:04:50
 0  0 372176  78176      0  77704    0    0     0     0   74  161  0  0 100  0  0 2014-12-09 16:04:51
 0  0 372176  78176      0  77704    0    0     0     0   58  144  0  0 100  0  0 2014-12-09 16:04:52
 0  0 372176  78176      0  77704    0    0     0     0   71  156  0  1 99  0  0 2014-12-09 16:04:53
 0  0 372176  78176      0  77704    0    0     0     0   59  144  0  0 100  0  0 2014-12-09 16:04:54
 0  0 372176  78176      0  77708    0    0     0     0   69  148  1  0 99  0  0 2014-12-09 16:04:55
 0  0 372176  78176      0  77708    0    0     0     0   57  146  0  0 100  0  0 2014-12-09 16:04:56
 0  0 372176  78176      0  77708    0    0     0     0   77  155  0  0 100  0  0 2014-12-09 16:04:57
 0  0 372176  78176      0  77708    0    0     0     0   66  153  1  1 98  0  0 2014-12-09 16:04:58
 0  0 372176  78176      0  77708    0    0     0     0   68  157  0  0 100  0  0 2014-12-09 16:04:59
 0  0 372176  78176      0  77708    0    0     0     0   63  139  0  0 100  0  0 2014-12-09 16:05:00
 0  0 372176  78176      0  77708    0    0     0     0   74  169  1  0 99  0  0 2014-12-09 16:05:01
 0  0 372176  78176      0  77708    0    0     0     0   67  158  0  1 99  0  0 2014-12-09 16:05:02
 0  0 372176  78176      0  77708    0    0     0     0   73  152  0  0 100  0  0 2014-12-09 16:05:03
 1  0 372176  78176      0  77708    0    0     0     0   61  148  1  0 99  0  0 2014-12-09 16:05:04
 0  0 372176  78176      0  77708    0    0     0     0   69  167  0  0 100  0  0 2014-12-09 16:05:05
procs -----------memory---------- ---swap-- -----io---- -system-- ------cpu----- -----timestamp-----
 r  b   swpd   free   buff  cache   si   so    bi    bo   in   cs us sy id wa st                 EST
 0  0 372176  78176      0  77708    0    0     0     0   73  149  0  0 100  0  0 2014-12-09 16:05:06
 0  0 372176  78176      0  77708    0    0     0     0   70  160  1  0 99  0  0 2014-12-09 16:05:07
 0  0 372176  78240      0  77708    0    0     0     0   67  149  0  0 100  0  0 2014-12-09 16:05:08
 0  0 372176  78240      0  77708    0    0     0     0   72  170  0  1 99  0  0 2014-12-09 16:05:09
 0  0 372176  78236      0  77708    0    0     0     0   59  137  1  0 99  0  0 2014-12-09 16:05:10
 0  0 372176  78240      0  77708    0    0     0     5   72  174  0  0 100  0  0 2014-12-09 16:05:11
 0  0 372176  78240      0  77708    0    0     0     0   63  139  0  0 100  0  0 2014-12-09 16:05:12
 0  0 372176  78240      0  77708    0    0     0     0   68  151  0  1 99  0  0 2014-12-09 16:05:13
 0  0 372176  78240      0  77708    0    0     0     8   66  152  0  0 100  0  0 2014-12-09 16:05:14
 0  0 372176  78240      0  77708    0    0     0     0   66  149  0  0 100  0  0 2014-12-09 16:05:15
 0  0 372176  78240      0  77708    0    0     0     0   61  147  1  0 99  0  0 2014-12-09 16:05:16
 0  0 372176  78240      0  77708    0    0     0     0   78  171  0  0 100  0  0 2014-12-09 16:05:17
 0  0 372176  78240      0  77708    0    0     0     0   53  132  0  0 100  0  0 2014-12-09 16:05:18
 0  0 372176  78240      0  77708    0    0     0     0   56  138  0  0 100  0  0 2014-12-09 16:05:19
 0  0 372176  78240      0  77708    0    0     0     0   54  148  0  1 99  0  0 2014-12-09 16:05:20
 0  0 372176  78240      0  77708    0    0     0     0   64  141  1  0 99  0  0 2014-12-09 16:05:21
 0  0 372176  78240      0  77708    0    0     0     0   50  136  0  0 100  0  0 2014-12-09 16:05:22
 0  0 372176  78240      0  77708    0    0     0     0   65  151  0  0 100  0  0 2014-12-09 16:05:23
 0  0 372176  78240      0  77708    0    0     0     0   62  145  0  1 99  0  0 2014-12-09 16:05:24
 0  0 372176  78240      0  77708    0    0     0     0   69  152  0  1 99  0  0 2014-12-09 16:05:25
 0  0 372176  78240      0  77708    0    0     0     0   53  143  1  0 99  0  0 2014-12-09 16:05:26
procs -----------memory---------- ---swap-- -----io---- -system-- ------cpu----- -----timestamp-----
 r  b   swpd   free   buff  cache   si   so    bi    bo   in   cs us sy id wa st                 EST
 0  0 372176  78240      0  77708    0    0     0     0   67  154  0  0 100  0  0 2014-12-09 16:05:27
 0  0 372176  78240      0  77708    0    0     0     0   62  144  0  1 99  0  0 2014-12-09 16:05:28
 0  0 372176  78240      0  77708    0    0     0     0   60  147  0  0 100  0  0 2014-12-09 16:05:29
 0  0 372176  78240      0  77708    0    0     0     0   49  133  1  0 99  0  0 2014-12-09 16:05:30
 0  0 372176  78240      0  77708    0    0     0     0   60  151  0  0 100  0  0 2014-12-09 16:05:31
 0  0 372176  78240      0  77712    0    0     0     0   60  136  0  0 100  0  0 2014-12-09 16:05:32
 0  0 372176  78240      0  77712    0    0     0     0   68  144  0  1 99  0  0 2014-12-09 16:05:33
 0  0 372176  78240      0  77712    0    0     0     0   59  150  1  0 99  0  0 2014-12-09 16:05:34
 0  0 372176  78240      0  77712    0    0     0     0   55  148  0  0 100  0  0 2014-12-09 16:05:35
 0  0 372176  78240      0  77712    0    0     0     0   58  140  0  0 100  0  0 2014-12-09 16:05:36
 0  0 372176  78240      0  77712    0    0     0     0   61  146  0  0 100  0  0 2014-12-09 16:05:37
 0  0 372176  78240      0  77712    0    0     0     0   55  130  0  1 99  0  0 2014-12-09 16:05:38
 0  0 372176  78240      0  77712    0    0     0     0   58  149  0  0 100  0  0 2014-12-09 16:05:39
 0  0 372176  78240      0  77712    0    0     0     0   56  137  1  0 99  0  0 2014-12-09 16:05:40
 0  0 372176  78240      0  77712    0    0     0    48   68  157  0  0 100  0  0 2014-12-09 16:05:41
 0  0 372176  78240      0  77712    0    0     0     0   58  132  0  0 100  0  0 2014-12-09 16:05:42
 0  0 372176  78240      0  77712    0    0     0     0   58  140  1  1 98  0  0 2014-12-09 16:05:43
 0  0 372176  78240      0  77712    0    0     0     8   62  149  0  0 100  0  0 2014-12-09 16:05:44
 0  0 372176  78240      0  77712    0    0     0     0   66  150  0  0 100  0  0 2014-12-09 16:05:45
 0  0 372176  78240      0  77712    0    0     0     0   58  146  0  1 99  0  0 2014-12-09 16:05:46
 0  0 372176  78240      0  77712    0    0     0     0   86  183  1  0 99  0  0 2014-12-09 16:05:47
procs -----------memory---------- ---swap-- -----io---- -system-- ------cpu----- -----timestamp-----
 r  b   swpd   free   buff  cache   si   so    bi    bo   in   cs us sy id wa st                 EST
 1  0 372176  78240      0  77712    0    0     0     0   60  146  0  1 99  0  0 2014-12-09 16:05:48
 0  0 372176  78240      0  77712    0    0     0     0  102  185  1  0 99  0  0 2014-12-09 16:05:49
 0  0 372176  78240      0  77712    0    0     0     0  148  280  2  0 98  0  0 2014-12-09 16:05:50
 0  0 372176  73664      0  82340    0    0  4640     0  537  676 14  7 69 10  0 2014-12-09 16:05:51
 0  0 372176  73668      0  82352    0    0     0     0  105  208  1  0 99  0  0 2014-12-09 16:05:52
 0  0 372176  73668      0  82352    0    0     0     0  147  403  5  2 93  0  0 2014-12-09 16:05:53
 0  0 372176  73668      0  82352    0    0     0     0  117  376  2  1 97  0  0 2014-12-09 16:05:54
 0  0 372176  73668      0  82352    0    0     0     0   80  239  1  0 99  0  0 2014-12-09 16:05:55
 0  0 372176  72420      0  83288    0    0   916     0  130  331  2  3 93  2  0 2014-12-09 16:05:56
 0  0 372176  72420      0  83272    0    0     0     0  112  277  4  1 95  0  0 2014-12-09 16:05:57
 0  0 372176  72420      0  83272    0    0     0     0   65  172  0  0 100  0  0 2014-12-09 16:05:58
 0  0 372176  72420      0  83272    0    0     0     0  210  837  6  4 90  0  0 2014-12-09 16:05:59
 0  0 372176  72420      0  83272    0    0     0     0  139  425  4  0 96  0  0 2014-12-09 16:06:00
 0  0 372176  72420      0  83272    0    0     0     0  183  556  6  3 91  0  0 2014-12-09 16:06:01
 0  0 372176  72420      0  83272    0    0     0     0  289  894 11  4 84  0  0 2014-12-09 16:06:02
 0  0 372176  72420      0  83272    0    0     0     0  313  904 13  4 83  0  0 2014-12-09 16:06:03
 0  0 372176  72420      0  83272    0    0     0     0  106  298  2  1 97  0  0 2014-12-09 16:06:04
 0  0 372176  72420      0  83272    0    0     0     0  242  928  6  4 90  0  0 2014-12-09 16:06:05
 0  0 372176  72420      0  83272    0    0     0     0  180  549  7  2 91  0  0 2014-12-09 16:06:06
 0  0 372176  72420      0  83272    0    0     0     0  129  451  3  2 95  0  0 2014-12-09 16:06:07
 0  0 372176  72420      0  83272    0    0     0     0   85  221  1  0 99  0  0 2014-12-09 16:06:08
procs -----------memory---------- ---swap-- -----io---- -system-- ------cpu----- -----timestamp-----
 r  b   swpd   free   buff  cache   si   so    bi    bo   in   cs us sy id wa st                 EST
 0  0 372176  72420      0  83272    0    0     0     0  110  334  2  1 97  0  0 2014-12-09 16:06:09
 0  0 372176  72420      0  83276    0    0     0     0   63  149  0  0 100  0  0 2014-12-09 16:06:10
 0  0 372176  72420      0  83276    0    0     0     5   87  206  1  1 98  0  0 2014-12-09 16:06:11
 0  0 372176  72420      0  83276    0    0     0     0   58  132  0  0 100  0  0 2014-12-09 16:06:12
 1  0 372176  72420      0  83276    0    0     0     0   67  157  0  0 100  0  0 2014-12-09 16:06:13
 1  0 372176  72420      0  83276    0    0     0     4   65  149  0  0 100  0  0 2014-12-09 16:06:14
 0  0 372176  72420      0  83284    0    0     0    20   71  163  0  1 99  0  0 2014-12-09 16:06:15
 0  0 372176  72412      0  83284    0    0     0     0   65  147  1  0 99  0  0 2014-12-09 16:06:16
 0  0 372176  72412      0  83284    0    0     0     0   75  168  0  0 100  0  0 2014-12-09 16:06:17
 0  0 372176  72416      0  83284    0    0     0     0   86  236  1  2 97  0  0 2014-12-09 16:06:18
 0  0 372176  72416      0  83284    0    0     0     0   74  171  1  0 99  0  0 2014-12-09 16:06:19
 0  0 372176  72420      0  83284    0    0     0     0   74  218  0  1 99  0  0 2014-12-09 16:06:20
 1  0 372176  72420      0  83284    0    0     0     0   84  212  1  1 98  0  0 2014-12-09 16:06:21
 0  0 372176  72420      0  83284    0    0     0     0   53  139  0  0 100  0  0 2014-12-09 16:06:22
 0  0 372176  72420      0  83284    0    0     0     0   67  151  0  1 99  0  0 2014-12-09 16:06:23
 0  0 372176  72420      0  83284    0    0     0     0   62  147  0  0 100  0  0 2014-12-09 16:06:24
 0  0 372176  72420      0  83284    0    0     0     5   72  164  0  0 100  0  0 2014-12-09 16:06:25
 1  0 372176  72420      0  83284    0    0     0     0   68  159  0  0 100  0  0 2014-12-09 16:06:26
 0  0 372176  72420      0  83284    0    0     0     0   90  302  2  1 97  0  0 2014-12-09 16:06:27
 0  0 372176  72420      0  83284    0    0     0     0   79  247  1  0 99  0  0 2014-12-09 16:06:28
 0  0 372176  72420      0  83284    0    0     0     0   83  189  1  1 98  0  0 2014-12-09 16:06:29
procs -----------memory---------- ---swap-- -----io---- -system-- ------cpu----- -----timestamp-----
 r  b   swpd   free   buff  cache   si   so    bi    bo   in   cs us sy id wa st                 EST
 0  0 372176  72420      0  83284    0    0     0     0   93  273  1  1 98  0  0 2014-12-09 16:06:30
 2  0 372176  72420      0  83284    0    0     0     0  106  308  0  1 98  1  0 2014-12-09 16:06:31
 0  0 372176  72420      0  83284    0    0     0     0   82  235  1  1 98  0  0 2014-12-09 16:06:32
 0  0 372176  72420      0  83284    0    0     0     0   98  251  2  1 97  0  0 2014-12-09 16:06:33
 1  0 372176  72420      0  83284    0    0     0     0   78  185  0  0 100  0  0 2014-12-09 16:06:34
 0  0 372176  72420      0  83284    0    0     0     0  101  339  2  1 97  0  0 2014-12-09 16:06:35
 0  0 372176  72412      0  83284    0    0     0     0   67  161  0  0 100  0  0 2014-12-09 16:06:36
 0  0 372176  72412      0  83284    0    0     0     0   67  157  0  1 99  0  0 2014-12-09 16:06:37
 0  0 372176  72412      0  83284    0    0     0     0   67  167  1  0 99  0  0 2014-12-09 16:06:38
 1  0 372176  72412      0  83284    0    0     0     0  116  373  1  1 98  0  0 2014-12-09 16:06:39
 0  0 372176  72412      0  83284    0    0     0     0   69  151  1  0 99  0  0 2014-12-09 16:06:40
 0  0 372176  72412      0  83284    0    0     0    34   77  207  0  1 99  0  0 2014-12-09 16:06:41
 0  0 372176  72412      0  83284    0    0     0     0   75  225  1  0 99  0  0 2014-12-09 16:06:42
 0  0 372176  72668      0  83272    0    0     0     9  155  405  4  2 94  0  0 2014-12-09 16:06:43
 0  0 372176  72668      0  83272    0    0     0     0   93  325  2  1 97  0  0 2014-12-09 16:06:44
 0  0 372176  72668      0  83276    0    0     4     4  303  247 26  1 72  1  0 2014-12-09 16:06:45
 0  0 372176  72668      0  83280    0    0     0     0   58  145  0  1 99  0  0 2014-12-09 16:06:46
 0  0 372176  72668      0  83280    0    0     0     0   70  161  1  0 99  0  0 2014-12-09 16:06:47
 0  1 372164  70540      0  85056   20    0  1828     0  681 1178  6 17 53 24  0 2014-12-09 16:06:48
 0  0 372152  70296      0  85256   48    0   216     0  306  569  7  6 70 16  0 2014-12-09 16:06:49
 1  0 372152  70296      0  85256    0    0     0     0   64  161  0  0 100  0  0 2014-12-09 16:06:50
procs -----------memory---------- ---swap-- -----io---- -system-- ------cpu----- -----timestamp-----
 r  b   swpd   free   buff  cache   si   so    bi    bo   in   cs us sy id wa st                 EST
 0  0 372152  70304      0  85256    0    0     0     0   76  169  0  0 100  0  0 2014-12-09 16:06:51
 0  0 372152  70304      0  85256    0    0     0     0   56  148  0  0 100  0  0 2014-12-09 16:06:52
 0  0 372152  70304      0  85256    0    0     0     0   67  155  0  0 100  0  0 2014-12-09 16:06:53
 0  0 372152  70304      0  85256    0    0     0     0   80  185  1  1 98  0  0 2014-12-09 16:06:54
 0  0 372152  70180      0  85256    0    0     0     0   87  183  1  0 99  0  0 2014-12-09 16:06:55
 0  0 372152  70180      0  85256    0    0     0     0   90  200  2  1 97  0  0 2014-12-09 16:06:56
 0  0 372152  70524      0  85256    0    0     0     0  153  384  4  1 95  0  0 2014-12-09 16:06:57
 0  0 372152  70524      0  85256    0    0     0     0  122  420  2  2 96  0  0 2014-12-09 16:06:58
 0  0 372152  67120      0  87232    0    0  1944     0  232  427  8  4 88  0  0 2014-12-09 16:06:59
 0  0 372152  67120      0  87232    0    0     0     0  110  277  2  2 96  0  0 2014-12-09 16:07:00
 0  0 372152  67120      0  87232    0    0     0     0  138  289  4  1 95  0  0 2014-12-09 16:07:01
